84.29629635460545 819.7830147974198 85.29629635460545 820.7830147974198
671.7081801020695 352.59717658642165 672.7081801020695 353.59717658642165
970.2808322434973 118.59966282377843 971.2808322434973 119.59966282377843
548.2079428801902 894.1206636814073 549.2079428801902 895.1206636814073
621.9625406848611 610.2651596690018 622.9625406848611 611.2651596690018
303.3025161650228 810.0502302780052 304.3025161650228 811.0502302780052
184.2821851879094 891.5847041280222 185.2821851879094 892.5847041280222
85.98384092306533 665.3976535882729 86.98384092306533 666.3976535882729
86.72278339847017 708.1240153698748 87.72278339847017 709.1240153698748
266.76774537230665 230.10725787519792 267.76774537230665 231.10725787519792
959.1582906775318 691.0802181250422 960.1582906775318 692.0802181250422
679.9892773156531 195.9375157813915 680.9892773156531 196.9375157813915
326.57199812674355 781.7135028235225 327.57199812674355 782.7135028235225
678.1705722228401 67.23214580047521 679.1705722228401 68.23214580047521
711.5507095530563 378.49637442481963 712.5507095530563 379.49637442481963
752.3680461219749 385.7361729399127 753.3680461219749 386.7361729399127
23.461167921329462 492.1360706099625 24.461167921329462 493.1360706099625
722.404558697739 699.614196587512 723.404558697739 700.614196587512
363.2148032376709 443.62716424242296 364.2148032376709 444.62716424242296
750.8932537010085 936.8260122553868 751.8932537010085 937.8260122553868
622.5270414443379 890.4899233174631 623.5270414443379 891.4899233174631
684.9590722442084 93.01691316998584 685.9590722442084 94.01691316998584
506.5776411497357 216.35098882136316 507.5776411497357 217.35098882136316
479.56423630522903 394.0779599430135 480.56423630522903 395.0779599430135
858.9780370040215 569.0227260310223 859.9780370040215 570.0227260310223
706.3441823019573 343.5332090157226 707.3441823019573 344.5332090157226
417.95213419211063 82.237176376037 418.95213419211063 83.237176376037
401.8596832667052 314.9097171026225 402.8596832667052 315.9097171026225
382.63661481097586 66.19125596638675 383.63661481097586 67.19125596638675
759.1720194622012 599.2467386323823 760.1720194622012 600.2467386323823
418.4073272629094 202.05900124796617 419.4073272629094 203.05900124796617
416.64703282597446 67.90029849041723 417.64703282597446 68.90029849041723
980.1376033648004 25.62760474663961 981.1376033648004 26.62760474663961
347.8943662912496 860.7995049068758 348.8943662912496 861.7995049068758
82.29508175567734 235.21292960434758 83.29508175567734 236.21292960434758
606.7482970658921 760.3106879369682 607.7482970658921 761.3106879369682
894.7830685670853 609.0114023301348 895.7830685670853 610.0114023301348
431.19635315881067 160.86576563025545 432.19635315881067 161.86576563025545
793.4328872786733 567.0439352167252 794.4328872786733 568.0439352167252
460.1618316627134 794.5109456875822 461.1618316627134 795.5109456875822
744.0532263718254 662.8484574705491 745.0532263718254 663.8484574705491
67.04662414946239 622.5322019551759 68.04662414946239 623.5322019551759
148.9429888577699 540.0772802005527 149.9429888577699 541.0772802005527
63.940564544470725 553.3134472900803 64.94056454447073 554.3134472900803
534.7737044470663 139.15544963060233 535.7737044470663 140.15544963060233
280.40351857187204 896.5841774225718 281.40351857187204 897.5841774225718
710.747777468908 189.15642543952137 711.747777468908 190.15642543952137
770.7264524886477 714.2122763817295 771.7264524886477 715.2122763817295
275.9390112867477 270.05115663718607 276.9390112867477 271.05115663718607
653.5777672546669 477.6985122406467 654.5777672546669 478.6985122406467
604.721347042558 980.4872271568454 605.721347042558 981.4872271568454
837.9411135050851 692.5291066514515 838.9411135050851 693.5291066514515
689.192324531459 996.2536443831921 690.192324531459 997.2536443831921
139.25110013192398 399.54222892378834 140.25110013192398 400.54222892378834
467.49740420470266 54.588352578279434 468.49740420470266 55.588352578279434
539.6327616639901 713.465148294217 540.6327616639901 714.465148294217
516.9613824312632 149.48387306146094 517.9613824312632 150.48387306146094
596.1514878246008 808.7777833814728 597.1514878246008 809.7777833814728
240.933314687504 473.1480264455764 241.933314687504 474.1480264455764
250.97937731382103 13.059404826784027 251.97937731382103 14.059404826784027
928.2508435290447 888.77551876517 929.2508435290447 889.77551876517
547.3842945115855 917.974341872902 548.3842945115855 918.974341872902
314.23059188345894 969.78689231355 315.23059188345894 970.78689231355
5.448105238470724 668.0531583083941 6.448105238470724 669.0531583083941
522.0906302766354 890.6910179052458 523.0906302766354 891.6910179052458
661.4199157850761 837.4254987081454 662.4199157850761 838.4254987081454
513.7113432553042 704.7272643022227 514.7113432553042 705.7272643022227
24.61103721593738 554.6607798239743 25.61103721593738 555.6607798239743
428.6408153772714 793.4439164011834 429.6408153772714 794.4439164011834
455.7375364118353 785.8731143208222 456.7375364118353 786.8731143208222
440.25126319754 523.3685532372212 441.25126319754 524.3685532372212
720.6169542953907 936.2466193606846 721.6169542953907 937.2466193606846
7.952477159667515 394.92738208424583 8.952477159667515 395.92738208424583
723.1251644625178 180.13740037219063 724.1251644625178 181.13740037219063
654.3686582595071 218.76891933248632 655.3686582595071 219.76891933248632
671.3197216966294 179.90839976090533 672.3197216966294 180.90839976090533
646.3849933702918 104.649081478714 647.3849933702918 105.649081478714
180.63600886429188 103.65342325000215 181.63600886429188 104.65342325000215
208.9698847096325 298.03326317400325 209.9698847096325 299.03326317400325
68.06247951515942 101.96661556276531 69.06247951515942 102.96661556276531
150.67957221816118 149.57217509203392 151.67957221816118 150.57217509203392
841.2009247052753 653.9135714767019 842.2009247052753 654.9135714767019
29.75089296703515 752.6073538388773 30.75089296703515 753.6073538388773
136.1184860496636 442.3603018066575 137.1184860496636 443.3603018066575
239.6888791111297 33.86270688533721 240.6888791111297 34.86270688533721
607.8972764680733 668.8165160181973 608.8972764680733 669.8165160181973
643.255109868493 332.4783549200766 644.255109868493 333.4783549200766
27.788010254833353 967.9490759501974 28.788010254833353 968.9490759501974
633.7631688655981 752.5430824505355 634.7631688655981 753.5430824505355
590.8739584220964 331.92235801939177 591.8739584220964 332.92235801939177
752.5875917155449 824.2814429830364 753.5875917155449 825.2814429830364
688.1514148805929 704.7213560340748 689.1514148805929 705.7213560340748
241.79236459610487 259.05198607127255 242.79236459610487 260.05198607127255
646.9327584391749 156.61398631822544 647.9327584391749 157.61398631822544
160.78530654069567 833.312764323285 161.78530654069567 834.312764323285
193.47872087036257 798.9088668575075 194.47872087036257 799.9088668575075
945.9046569795005 686.7103566881269 946.9046569795005 687.7103566881269
641.7657895609864 849.164652188801 642.7657895609864 850.164652188801
541.8438361653684 569.4486480687049 542.8438361653684 570.4486480687049
62.29515382945583 507.0073969103954 63.29515382945583 508.0073969103954
483.82116940829076 824.0937282418681 484.82116940829076 825.0937282418681
934.8493841990697 550.711917775791 935.8493841990697 551.711917775791
559.4001478723155 136.97099367004185 560.4001478723155 137.97099367004185
39.10314195019371 814.7037986115931 40.10314195019371 815.7037986115931
928.8670392104375 344.31080773489543 929.8670392104375 345.31080773489543
586.9941156912957 958.1377770544467 587.9941156912957 959.1377770544467
833.0717560674542 828.299004143017 834.0717560674542 829.299004143017
850.7604748210882 184.70925420504346 851.7604748210882 185.70925420504346
267.6385051536809 288.1883133626034 268.6385051536809 289.1883133626034
790.5511036769904 823.8549269644699 791.5511036769904 824.8549269644699
252.4521174689338 921.6271682044924 253.4521174689338 922.6271682044924
435.5147199776459 933.4987402585464 436.5147199776459 934.4987402585464
575.3266047314169 301.36199075828506 576.3266047314169 302.36199075828506
22.274506433159978 334.49958359851706 23.274506433159978 335.49958359851706
138.76213316356566 482.46931993933873 139.76213316356566 483.46931993933873
144.69388974420937 736.9568621285174 145.69388974420937 737.9568621285174
288.6966393145165 125.27391911028319 289.6966393145165 126.27391911028319
418.84041623865863 868.5301952448248 419.84041623865863 869.5301952448248
754.1581375102239 669.1091857799345 755.1581375102239 670.1091857799345
417.05338071857824 764.9296933122848 418.05338071857824 765.9296933122848
76.72441299747213 842.0761295031313 77.72441299747213 843.0761295031313
875.0218373913285 632.7326259786627 876.0218373913285 633.7326259786627
658.6959194048038 41.9570537198517 659.6959194048038 42.9570537198517
425.7791337453475 944.6832231849565 426.7791337453475 945.6832231849565
808.888343618616 373.4403790204913 809.888343618616 374.4403790204913
364.5200225495987 677.6315341311314 365.5200225495987 678.6315341311314
414.95109628169956 376.8126914215945 415.95109628169956 377.8126914215945
198.14705163086288 853.2677202168593 199.14705163086288 854.2677202168593
121.11793024215078 733.2742519732425 122.11793024215078 734.2742519732425
983.4519662328636 791.8080126905311 984.4519662328636 792.8080126905311
140.2957886977414 482.0345206689729 141.2957886977414 483.0345206689729
707.8387416550224 738.7885843662552 708.8387416550224 739.7885843662552
79.39856965141156 534.3434466916888 80.39856965141156 535.3434466916888
216.49430134980318 775.1234841857196 217.49430134980318 776.1234841857196
406.8314241352354 519.615145021661 407.8314241352354 520.615145021661
439.9133221095999 170.5832043596005 440.9133221095999 171.5832043596005
441.03249088536 248.80030003595022 442.03249088536 249.80030003595022
925.6832336761936 590.8497233915901 926.6832336761936 591.8497233915901
988.9778115851377 330.1629400992917 989.9778115851377 331.1629400992917
928.4357026450251 818.3044233563705 929.4357026450251 819.3044233563705
13.555994082826373 722.6186911855701 14.555994082826373 723.6186911855701
561.8709389653035 896.7053729351192 562.8709389653035 897.7053729351192
958.7186135702351 261.78999706773754 959.7186135702351 262.78999706773754
766.7609435448487 859.9098157863302 767.7609435448487 860.9098157863302
611.3129414804355 443.9350490368528 612.3129414804355 444.9350490368528
98.83804271126483 454.79845261308174 99.83804271126483 455.79845261308174
628.5028803322028 2.906411876991255 629.5028803322028 3.906411876991255
590.4749397970518 518.5575576702112 591.4749397970518 519.5575576702112
109.68455271827938 65.29569417593551 110.68455271827938 66.29569417593551
190.06245823690128 920.4753318080141 191.06245823690128 921.4753318080141
841.8028920517005 918.9205849745226 842.8028920517005 919.9205849745226
532.9913629069731 228.40848064186326 533.9913629069731 229.40848064186326
96.97522878185671 679.8103291630742 97.97522878185671 680.8103291630742
48.14441174265915 510.07577012165194 49.14441174265915 511.07577012165194
111.32833145324794 392.8460455841725 112.32833145324794 393.8460455841725
653.8048381001145 929.3341830120098 654.8048381001145 930.3341830120098
623.9550080773048 351.21198260195155 624.9550080773048 352.21198260195155
546.8877511741899 47.59439130429155 547.8877511741899 48.59439130429155
104.8966303326887 669.8142864605201 105.8966303326887 670.8142864605201
839.4003494642425 990.531637457863 840.4003494642425 991.531637457863
551.0578425266409 397.82296740975033 552.0578425266409 398.82296740975033
46.03751655684185 890.2482105004657 47.03751655684185 891.2482105004657
978.9595272601425 705.4940189006616 979.9595272601425 706.4940189006616
676.8188953825282 263.0439004578252 677.8188953825282 264.0439004578252
993.2365057962985 930.4272481687638 994.2365057962985 931.4272481687638
438.6737196429957 232.95057988938206 439.6737196429957 233.95057988938206
59.78600782180277 518.4165872430727 60.78600782180277 519.4165872430727
799.879520917596 761.1871544392789 800.879520917596 762.1871544392789
362.4734705572826 144.04894188806182 363.4734705572826 145.04894188806182
921.261340322828 291.69127704864326 922.261340322828 292.69127704864326
372.3013964325783 546.20765461227 373.3013964325783 547.20765461227
208.05727266106322 472.88388147378436 209.05727266106322 473.88388147378436
507.94816455887957 863.6372278466937 508.94816455887957 864.6372278466937
986.3567409641738 865.8229074046004 987.3567409641738 866.8229074046004
516.5826071701629 505.7251524586864 517.5826071701629 506.7251524586864
58.01788816185815 798.9024441911707 59.01788816185815 799.9024441911707
453.8605384606953 843.6573610446238 454.8605384606953 844.6573610446238
137.97013360304356 779.2535239117949 138.97013360304356 780.2535239117949
392.0099485113003 257.1034566408602 393.0099485113003 258.1034566408602
427.80827370957894 121.00279824103688 428.80827370957894 122.00279824103688
234.91065485037822 321.5879606247546 235.91065485037822 322.5879606247546
829.5843458539517 700.5454863132276 830.5843458539517 701.5454863132276
269.07483376973664 171.70382730283885 270.07483376973664 172.70382730283885
553.7034931792111 998.9885374673385 554.7034931792111 999.9885374673385
329.43478273476546 325.3245807166154 330.43478273476546 326.3245807166154
124.83001219992728 841.920627036683 125.83001219992728 842.920627036683
708.8439709305635 503.97113489854127 709.8439709305635 504.97113489854127
39.70999226572325 496.6650259269011 40.70999226572325 497.6650259269011
190.1976473271657 234.4896307569452 191.1976473271657 235.4896307569452
580.816691473307 37.171567264914884 581.816691473307 38.171567264914884
830.0796370001817 267.19673080204495 831.0796370001817 268.19673080204495
539.7249016463462 136.70407123727657 540.7249016463462 137.70407123727657
372.84082768019624 95.64828020871718 373.84082768019624 96.64828020871718
854.1205438266619 698.4794141476914 855.1205438266619 699.4794141476914
424.01640195033355 113.18773817528272 425.01640195033355 114.18773817528272
412.35184375363167 984.4145506580754 413.35184375363167 985.4145506580754
761.9875480333355 191.43086176866896 762.9875480333355 192.43086176866896
529.4281127084399 152.13759328654132 530.4281127084399 153.13759328654132
416.7939520789169 715.8423682123745 417.7939520789169 716.8423682123745
848.37275887155 360.4194592923515 849.37275887155 361.4194592923515
395.00366170951384 363.56142288604843 396.00366170951384 364.56142288604843
670.8363087008734 853.1820176578755 671.8363087008734 854.1820176578755
179.54610964512864 158.63170134485182 180.54610964512864 159.63170134485182
970.8761305342388 682.2391792423654 971.8761305342388 683.2391792423654
383.4148946159684 589.7925820547688 384.4148946159684 590.7925820547688
595.8087814846658 978.9273322041657 596.8087814846658 979.9273322041657
186.14633935157886 825.9876130328084 187.14633935157886 826.9876130328084
408.04139416056427 934.7809175656589 409.04139416056427 935.7809175656589
431.9803110964595 314.7464887132967 432.9803110964595 315.7464887132967
371.7884042589755 901.4097779855607 372.7884042589755 902.4097779855607
518.6092573856401 298.5968962960405 519.6092573856401 299.5968962960405
838.5796108808815 269.7345290982821 839.5796108808815 270.7345290982821
455.42205428891134 34.6622369295605 456.42205428891134 35.6622369295605
535.4661611893406 38.73584887749659 536.4661611893406 39.73584887749659
720.1485229996401 752.6017970520151 721.1485229996401 753.6017970520151
9.8303991054145 233.87444847368656 10.8303991054145 234.87444847368656
792.811323735576 636.0493677924305 793.811323735576 637.0493677924305
534.7060728050944 585.3374933229397 535.7060728050944 586.3374933229397
495.89097106886624 362.706656786861 496.89097106886624 363.706656786861
728.5150716801905 126.26805171225396 729.5150716801905 127.26805171225396
519.6106722021059 988.2477361812536 520.6106722021059 989.2477361812536
393.1266436340114 621.1335705666196 394.1266436340114 622.1335705666196
761.2469483744802 209.19081902157654 762.2469483744802 210.19081902157654
324.1461052903994 984.3900226983637 325.1461052903994 985.3900226983637
357.3723907375357 289.89351094544156 358.3723907375357 290.89351094544156
97.33827328063826 99.5973602055753 98.33827328063826 100.5973602055753
537.9368908642462 188.82789643099883 538.9368908642462 189.82789643099883
85.09278564898493 699.1432088327399 86.09278564898493 700.1432088327399
681.0933321524644 669.2915841655981 682.0933321524644 670.2915841655981
206.8371003348888 214.73047523330456 207.8371003348888 215.73047523330456
197.67429835326166 429.7111378452173 198.67429835326166 430.7111378452173
167.30321473498356 758.7855560781436 168.30321473498356 759.7855560781436
124.22585254046848 538.693994615411 125.22585254046848 539.693994615411
186.55510774754615 646.9430221153208 187.55510774754615 647.9430221153208
553.5047117839244 709.9851708049107 554.5047117839244 710.9851708049107
475.6823150031617 121.76341397105462 476.6823150031617 122.76341397105462
281.3450571072633 202.48492421785392 282.3450571072633 203.48492421785392
962.0663779139671 187.839970643218 963.0663779139671 188.839970643218
298.8011773328703 380.48388870261095 299.8011773328703 381.48388870261095
18.126374457334226 718.450994532505 19.126374457334226 719.450994532505
8.47229815354833 219.27155969054357 9.47229815354833 220.27155969054357
197.4496092246948 243.91374101782105 198.4496092246948 244.91374101782105
293.9157726817886 291.2746985767297 294.9157726817886 292.2746985767297
232.21375260775324 81.7961862437403 233.21375260775324 82.7961862437403
821.054887958632 17.88161659237253 822.054887958632 18.88161659237253
795.8069611382057 719.143119920133 796.8069611382057 720.143119920133
200.48754562940584 222.1089134915114 201.48754562940584 223.1089134915114
784.5516951585056 606.8724474152273 785.5516951585056 607.8724474152273
889.6021234223857 267.266683855814 890.6021234223857 268.266683855814
122.43911601708324 776.4983342067242 123.43911601708324 777.4983342067242
963.4066042743128 316.77846086626613 964.4066042743128 317.77846086626613
342.7795927010429 939.3371589286171 343.7795927010429 940.3371589286171
132.9774660033326 500.31224562166375 133.9774660033326 501.31224562166375
450.6764757712289 978.352557901045 451.6764757712289 979.352557901045
640.4343960215414 21.378824797496087 641.4343960215414 22.378824797496087
820.2283481377183 992.7960861743773 821.2283481377183 993.7960861743773
909.3470781185492 491.5535980652592 910.3470781185492 492.5535980652592
130.3668881888862 305.7993532917637 131.3668881888862 306.7993532917637
79.48045108437097 26.478244725655408 80.48045108437097 27.478244725655408
593.2360838033302 95.07415135076802 594.2360838033302 96.07415135076802
804.7845446420239 888.7982647112027 805.7845446420239 889.7982647112027
979.0192547549607 556.8767092398008 980.0192547549607 557.8767092398008
943.5351657982719 713.1931033913223 944.5351657982719 714.1931033913223
191.12006162479966 763.3923894642927 192.12006162479966 764.3923894642927
19.531831655538955 598.6544557511725 20.531831655538955 599.6544557511725
395.6037426629592 623.6970433947112 396.6037426629592 624.6970433947112
583.2589312207895 603.1696903452938 584.2589312207895 604.1696903452938
958.8048684730487 608.4512593949761 959.8048684730487 609.4512593949761
851.9166091119439 425.965981146755 852.9166091119439 426.965981146755
697.0079379188712 148.48371221279487 698.0079379188712 149.48371221279487
257.22749525866016 312.47208024228433 258.22749525866016 313.47208024228433
192.1067847506901 867.4200790584724 193.1067847506901 868.4200790584724
779.9255872335339 467.1532822411707 780.9255872335339 468.1532822411707
177.1494983305384 58.51348488455588 178.1494983305384 59.51348488455588
199.83352106925668 509.3764015897115 200.83352106925668 510.3764015897115
245.67453738120747 65.83287523764547 246.67453738120747 66.83287523764547
640.4344105379157 757.4607085397645 641.4344105379157 758.4607085397645
388.74492640290316 479.9655697673736 389.74492640290316 480.9655697673736
36.84457270436037 376.0711457742778 37.84457270436037 377.0711457742778
113.58616152814183 308.39026810401225 114.58616152814183 309.39026810401225
406.09353579665594 672.1101216156463 407.09353579665594 673.1101216156463
147.734603700165 530.6766047275219 148.734603700165 531.6766047275219
48.61711821432857 74.26398575292892 49.61711821432857 75.26398575292892
982.6022169134444 698.6677853098189 983.6022169134444 699.6677853098189
59.870518609804634 581.360684579452 60.870518609804634 582.360684579452
760.3641239277503 491.8021701850785 761.3641239277503 492.8021701850785
780.9669301922667 714.6946201204481 781.9669301922667 715.6946201204481
258.0751575693211 387.73041938623686 259.0751575693211 388.73041938623686
67.24850743061994 259.47500847657636 68.24850743061994 260.47500847657636
972.9217384695778 858.3842809693438 973.9217384695778 859.3842809693438
503.69565279020765 330.55408213794215 504.69565279020765 331.55408213794215
562.5150859915644 751.6532272820015 563.5150859915644 752.6532272820015
946.0809375899104 547.5913203357524 947.0809375899104 548.5913203357524
144.13232416255684 768.8253412725035 145.13232416255684 769.8253412725035
16.77378107645644 354.80999963215845 17.77378107645644 355.80999963215845
206.81158622057183 197.94850103371587 207.81158622057183 198.94850103371587
434.10252217754606 770.5021520578778 435.10252217754606 771.5021520578778
140.20726981128385 313.2683317335427 141.20726981128385 314.2683317335427
304.17961314984655 101.43846886730489 305.17961314984655 102.43846886730489
634.1119562250127 100.89893587311416 635.1119562250127 101.89893587311416
754.0965621328769 407.3391105608315 755.0965621328769 408.3391105608315
452.55089984113306 220.88299768440754 453.55089984113306 221.88299768440754
535.3947338044521 750.5618643865404 536.3947338044521 751.5618643865404
336.3556533236315 365.7970863439273 337.3556533236315 366.7970863439273
476.71832967490104 516.1638856424743 477.71832967490104 517.1638856424743
38.12290609851476 426.0586718577667 39.12290609851476 427.0586718577667
914.5556050616619 337.49311381435587 915.5556050616619 338.49311381435587
743.4648706887994 122.09119238473754 744.4648706887994 123.09119238473754
480.9748752494705 412.46572652983093 481.9748752494705 413.46572652983093
382.45725718488 13.503053553540978 383.45725718488 14.503053553540978
877.2613306248402 245.6860576402372 878.2613306248402 246.6860576402372
585.1915653067806 45.4372040144696 586.1915653067806 46.4372040144696
512.3609674208901 101.56481341974899 513.3609674208901 102.56481341974899
285.3372202460234 42.24735404612978 286.3372202460234 43.24735404612978
135.0379146315409 703.5922143585755 136.0379146315409 704.5922143585755
225.62058721742483 808.6569524664512 226.62058721742483 809.6569524664512
838.6513966759095 964.9221871127066 839.6513966759095 965.9221871127066
869.1265473707462 748.557636868984 870.1265473707462 749.557636868984
67.4585304155355 785.423690194502 68.4585304155355 786.423690194502
470.32908139663954 161.6026987390453 471.32908139663954 162.6026987390453
503.3493674686247 200.3557822543528 504.3493674686247 201.3557822543528
309.757191677331 627.7525392410378 310.757191677331 628.7525392410378
961.9201345547818 415.8223153720381 962.9201345547818 416.8223153720381
346.20222933686864 139.92784349601328 347.20222933686864 140.92784349601328
676.7912988812562 516.1627653504574 677.7912988812562 517.1627653504574
790.3730240966048 894.9270393588748 791.3730240966048 895.9270393588748
601.0763740512697 878.4352080902314 602.0763740512697 879.4352080902314
353.90506955525444 902.7640143834484 354.90506955525444 903.7640143834484
604.9078476362886 579.1480359942378 605.9078476362886 580.1480359942378
177.62985632539375 824.5826793365594 178.62985632539375 825.5826793365594
697.9266301805511 328.39629682070506 698.9266301805511 329.39629682070506
693.0107919102569 699.304240190636 694.0107919102569 700.304240190636
655.6410118989385 716.5591371752231 656.6410118989385 717.5591371752231
920.651807203275 469.16384891236254 921.651807203275 470.16384891236254
678.561474682436 808.7144640282901 679.561474682436 809.7144640282901
959.7850363401511 464.2924726251607 960.7850363401511 465.2924726251607
963.0177405530472 371.9272244923684 964.0177405530472 372.9272244923684
672.6437517423025 256.5005099019928 673.6437517423025 257.5005099019928
312.56415831324426 270.5674992014575 313.56415831324426 271.5674992014575
817.6267101134644 542.4193439435519 818.6267101134644 543.4193439435519
168.87963816846508 814.814459349866 169.87963816846508 815.814459349866
135.1602923939632 966.1569814187214 136.1602923939632 967.1569814187214
691.0686011461914 97.50276271280201 692.0686011461914 98.50276271280201
140.16473499548587 41.62418278920976 141.16473499548587 42.62418278920976
762.2689221221171 604.4674908595297 763.2689221221171 605.4674908595297
625.0305894516905 584.6871509388511 626.0305894516905 585.6871509388511
52.47340033216841 633.5437334951306 53.47340033216841 634.5437334951306
127.01144703716771 315.30325098470826 128.01144703716773 316.30325098470826
516.4706989279798 307.37736172587637 517.4706989279798 308.37736172587637
863.9398179987359 539.7957610352399 864.9398179987359 540.7957610352399
955.8122651028493 215.20299932670085 956.8122651028493 216.20299932670085
892.1717474661633 73.42420872905619 893.1717474661633 74.42420872905619
523.711388412611 968.7455028377801 524.711388412611 969.7455028377801
490.6666777066924 813.4061368573314 491.6666777066924 814.4061368573314
301.7805735423219 207.40139915296652 302.7805735423219 208.40139915296652
25.109010508384767 622.5469646621082 26.109010508384767 623.5469646621082
327.51357140771853 837.8560922381798 328.51357140771853 838.8560922381798
795.9771864526706 433.6339445757543 796.9771864526706 434.6339445757543
701.4182671940786 543.2935782151504 702.4182671940786 544.2935782151504
624.4669360267948 734.7505606188382 625.4669360267948 735.7505606188382
652.7068064743488 847.3545624050021 653.7068064743488 848.3545624050021
180.17469069989878 845.667479980397 181.17469069989878 846.667479980397
692.4489568434971 267.99951640139 693.4489568434971 268.99951640139
304.4476077477527 645.4665306577307 305.4476077477527 646.4665306577307
233.09509366153048 346.4325166136233 234.09509366153048 347.4325166136233
833.3062193016196 661.5538390314398 834.3062193016196 662.5538390314398
303.2752320252317 586.2426035151599 304.2752320252317 587.2426035151599
673.8461221533644 680.218294779034 674.8461221533644 681.218294779034
236.78009868028306 587.9186445989345 237.78009868028306 588.9186445989345
138.0250093649288 288.8917526743113 139.0250093649288 289.8917526743113
464.6304201246726 913.893777173236 465.6304201246726 914.893777173236
787.7410802346799 10.267056719452384 788.7410802346799 11.267056719452384
789.1411135190459 469.2761814093954 790.1411135190459 470.2761814093954
295.10931593326416 938.430318508765 296.10931593326416 939.430318508765
768.8862362799308 433.4219244988741 769.8862362799308 434.4219244988741
71.84163500973384 37.16360232625271 72.84163500973384 38.16360232625271
93.47094138724677 27.506410264175774 94.47094138724677 28.506410264175774
671.6374384323212 510.57418810562285 672.6374384323212 511.57418810562285
77.01704679066445 653.25062956659 78.01704679066445 654.25062956659
219.49056581520566 906.2067659205803 220.49056581520566 907.2067659205803
649.2681008677773 187.9584403813832 650.2681008677773 188.9584403813832
371.8190458357804 860.7949044973795 372.8190458357804 861.7949044973795
473.2202319436871 471.02109523518965 474.2202319436871 472.02109523518965
561.3238040547948 648.807767437867 562.3238040547948 649.807767437867
68.18541633360364 267.0453566349261 69.18541633360364 268.0453566349261
530.4827036932986 943.9486208106673 531.4827036932986 944.9486208106673
67.19273021174365 240.761336226595 68.19273021174365 241.761336226595
407.58601552353844 453.7610983481607 408.58601552353844 454.7610983481607
987.6346295500616 728.8664504673668 988.6346295500616 729.8664504673668
829.2196849771522 337.4998349621317 830.2196849771522 338.4998349621317
144.06384578184006 343.9615763952395 145.06384578184006 344.9615763952395
863.1025894853601 567.4213677605125 864.1025894853601 568.4213677605125
582.047516750576 695.7358375325701 583.047516750576 696.7358375325701
735.1840274946276 643.6516694089395 736.1840274946276 644.6516694089395
161.98456528228812 764.5560066502288 162.98456528228812 765.5560066502288
614.9077588323674 322.7867122084478 615.9077588323674 323.7867122084478
171.79299709574235 712.6172460013115 172.79299709574235 713.6172460013115
962.5488006132568 270.3821073580543 963.5488006132568 271.3821073580543
97.37272060679014 167.81070236458774 98.37272060679014 168.81070236458774
192.5291120962186 797.4882103229775 193.5291120962186 798.4882103229775
429.7507317046704 265.4650872885498 430.7507317046704 266.4650872885498
656.618693057608 91.3867591289823 657.618693057608 92.3867591289823
637.8146460360772 983.1177524256586 638.8146460360772 984.1177524256586
200.92811733194904 600.6856376692762 201.92811733194904 601.6856376692762
685.5407736743365 553.4718315541113 686.5407736743365 554.4718315541113
800.5987802165969 484.9275849752854 801.5987802165969 485.9275849752854
722.6231284914237 990.695786191167 723.6231284914237 991.695786191167
26.09720176664021 288.86949469180104 27.09720176664021 289.86949469180104
827.4096043630692 15.221397404138525 828.4096043630692 16.221397404138525
345.01958272003105 251.58817786188814 346.01958272003105 252.58817786188814
931.0514199520405 912.1965928771477 932.0514199520405 913.1965928771477
513.3128582217091 910.5692407126276 514.3128582217091 911.5692407126276
301.7723547724924 108.74920399381605 302.7723547724924 109.74920399381605
559.8184088338053 910.9349877999891 560.8184088338053 911.9349877999891
218.16364731247273 505.2181388515385 219.16364731247273 506.2181388515385
118.04502417797814 179.96780103822607 119.04502417797814 180.96780103822607
710.4112790831535 845.5080436157674 711.4112790831535 846.5080436157674
109.0768242115543 877.085106137768 110.0768242115543 878.085106137768
498.36138871200455 661.7236773596355 499.36138871200455 662.7236773596355
29.522860143394002 779.4223397240994 30.522860143394002 780.4223397240994
505.3305175967364 578.240482579278 506.3305175967364 579.240482579278
348.4144799707637 13.18000630985705 349.4144799707637 14.18000630985705
576.5665727982628 10.367226352892335 577.5665727982628 11.367226352892335
766.9565771461105 290.8912160408943 767.9565771461105 291.8912160408943
281.2670671284756 542.7574104007351 282.2670671284756 543.7574104007351
345.0392022357892 64.76577003680173 346.0392022357892 65.76577003680173
927.060589166311 522.7252579588701 928.060589166311 523.7252579588701
748.415648629059 256.2672811041804 749.415648629059 257.2672811041804
165.85802590499478 653.622878866315 166.85802590499478 654.622878866315
120.4532611913991 472.0793891925774 121.4532611913991 473.0793891925774
819.9795876214921 623.4346219440821 820.9795876214921 624.4346219440821
332.3632502838163 866.6173433045415 333.3632502838163 867.6173433045415
807.4640459123453 53.745089405886844 808.4640459123453 54.745089405886844
615.815886702064 61.24140411048118 616.815886702064 62.24140411048118
295.466212135178 304.2367553237949 296.466212135178 305.2367553237949
831.8469352743491 780.3279739013334 832.8469352743491 781.3279739013334
460.64913425527675 917.873804449615 461.64913425527675 918.873804449615
879.9621422557045 114.35490067914344 880.9621422557045 115.35490067914344
485.4772703045286 741.9281259647231 486.4772703045286 742.9281259647231
1.3454926965713598 570.15740691095 2.34549269657136 571.15740691095
669.3165874609002 10.003877293454977 670.3165874609002 11.003877293454977
980.0778815604132 318.51041174324047 981.0778815604132 319.51041174324047
783.2481057260597 920.2168729277134 784.2481057260597 921.2168729277134
496.2722053405524 299.19391326920606 497.2722053405524 300.19391326920606
47.50123009009955 494.68498242993064 48.50123009009955 495.68498242993064
135.03113797143905 93.69749021870976 136.03113797143905 94.69749021870976
360.4126972569627 755.4858149137746 361.4126972569627 756.4858149137746
805.1342012815703 725.7202394859037 806.1342012815703 726.7202394859037
657.8179055026271 502.2378518179959 658.8179055026271 503.2378518179959
571.3596412746317 799.6222908207972 572.3596412746317 800.6222908207972
531.7804313879102 226.46158094428947 532.7804313879102 227.46158094428947
154.34821967497703 636.9843566607452 155.34821967497703 637.9843566607452
487.5662709299454 947.8764284961142 488.5662709299454 948.8764284961142
601.9145437827291 321.43136157060883 602.9145437827291 322.43136157060883
467.7689293291617 7.79010914457301 468.7689293291617 8.790109144573009
885.7124405775867 811.8764677065253 886.7124405775867 812.8764677065253
522.4916658878194 104.73649633210114 523.4916658878194 105.73649633210114
427.16060161365135 534.3418462458463 428.16060161365135 535.3418462458463
754.4931150744792 107.51826776161322 755.4931150744792 108.51826776161322
806.5346991705529 112.5122653290217 807.5346991705529 113.5122653290217
918.2024637105897 430.8105400405696 919.2024637105897 431.8105400405696
159.1323566653815 147.17789661004798 160.1323566653815 148.17789661004798
301.5106511027275 8.48185918631794 302.5106511027275 9.48185918631794
12.416927921543031 204.72246311532894 13.416927921543031 205.72246311532894
769.2435113263567 149.78867900578587 770.2435113263567 150.78867900578587
568.0467588716913 424.81318266162714 569.0467588716913 425.81318266162714
97.2234809468343 813.5997313087843 98.2234809468343 814.5997313087843
682.6957745321441 407.4484581696014 683.6957745321441 408.4484581696014
975.8258286364286 85.80617409883517 976.8258286364286 86.80617409883517
51.57192326490456 289.51988088231894 52.57192326490456 290.51988088231894
311.9357244992748 895.0743165815574 312.9357244992748 896.0743165815574
348.53959683617785 171.04446057233304 349.53959683617785 172.04446057233304
708.2126196530975 252.09676988161965 709.2126196530975 253.09676988161965
326.75223791253813 301.2237307031016 327.75223791253813 302.2237307031016
248.56779939420437 547.4982635147508 249.56779939420437 548.4982635147508
133.70158877976402 684.4856202765967 134.70158877976402 685.4856202765967
968.7616028463245 693.5526992121332 969.7616028463245 694.5526992121332
344.58954705633613 16.665464661397067 345.58954705633613 17.665464661397067
641.0267163121805 144.86734686754355 642.0267163121805 145.86734686754355
467.92920884648635 111.48260592665915 468.92920884648635 112.48260592665915
751.623325423207 83.19064244585728 752.623325423207 84.19064244585728
927.2808490379543 227.4683961827141 928.2808490379543 228.4683961827141
800.2328089777922 301.4997384924408 801.2328089777922 302.4997384924408
773.029858773597 955.5023599274897 774.029858773597 956.5023599274897
300.09602033377183 572.524080817533 301.09602033377183 573.524080817533
628.1119651189106 577.1122916466034 629.1119651189106 578.1122916466034
107.80248906826495 536.8613482596546 108.80248906826495 537.8613482596546
621.5928200098394 53.69502231458168 622.5928200098394 54.69502231458168
961.6365962211634 395.8418279364718 962.6365962211634 396.8418279364718
314.00766348253893 56.8135341875059 315.00766348253893 57.8135341875059
357.3873911114893 944.2976299423764 358.3873911114893 945.2976299423764
868.3674404643102 699.7272841944083 869.3674404643102 700.7272841944083
140.52776776680577 728.3929107587587 141.52776776680577 729.3929107587587
970.737918042984 880.3114823729456 971.737918042984 881.3114823729456
443.66973601012137 363.67139757752466 444.66973601012137 364.67139757752466
254.29748958997223 395.52185038054597 255.29748958997223 396.52185038054597
848.2016468055048 298.477524364866 849.2016468055048 299.477524364866
230.78050322691035 237.561090814294 231.78050322691035 238.561090814294
899.0139653458176 557.907121688546 900.0139653458176 558.907121688546
983.2119127698178 731.9031378853368 984.2119127698178 732.9031378853368
